00000100000110100000010000110000011110101111111111111110111111110111101000110000000001000001101000000100
00000100000000010001001100000011000001111011001100001111001011110000001100101111010010010000010000000011
001111111100111
111001111111100
001110010111100101111010011011101110110011111010111110101110110001101110011110100111100100111001
001110000111101001111111011011011110110011111010111110101110110001101101011111110111101000111000
000000000000000000011110100010001011110011110101101011110011110100010001011110000000000000000000
000000000000000000111100000010001011110111101101101101111011110100010000001111000000000000000000
000001100000000100000010010101000110110111111110111111100110110101010100000000100000000100000110
011100000000100000000100010101000110110111111110111111100110110101010100000001000000100001110000
0000100000110000111100110111011111011111001110100111111011111101110100111110001111100110111001111000011000000100
0001000100100101000100010100100000101000100000000010001010000010010100010001010010010001000